input
648   326   0
1.000000e+000  -1.000000e+000
#Nodes:
 1     -5.563510060310e-001      5.891910195351e-001   5.859410166740e-001  
 2     -3.218750059605e-001      6.695560216904e-001   6.693959832191e-001  
 3     -4.071959853172e-001      7.397419810295e-001   5.357009768486e-001  
 4     -4.068239927292e-001      5.362669825554e-001   7.395349740982e-001  
 5     -5.500950217247e-001      7.146220207214e-001   4.320999979973e-001  
 6     -7.238609790802e-001      5.538570284843e-001   4.114220142365e-001  
 7     -6.753919720650e-001      6.724730134010e-001   3.026979863644e-001  
 8     -9.009690284729e-001      0.000000000000e+000   4.338839948177e-001  
 9     -7.818310260773e-001      0.000000000000e+000   6.234899759293e-001  
 10     -8.187959790230e-001      2.226199954748e-001   5.291640162468e-001  
 11      0.000000000000e+000      7.818310260773e-001   6.234899759293e-001  
 12      0.000000000000e+000      9.009690284729e-001   4.338839948177e-001  
 13     -2.228640019894e-001      8.187180161476e-001   5.291810035706e-001  
 14     -6.234899759293e-001      0.000000000000e+000   7.818310260773e-001  
 15     -4.338839948177e-001      0.000000000000e+000   9.009690284729e-001  
 16     -5.291129946709e-001      2.227350026369e-001   8.187990188599e-001  
 17     -7.818310260773e-001      6.234899759293e-001   0.000000000000e+000  
 18     -9.009690284729e-001      4.338839948177e-001   0.000000000000e+000  
 19     -8.188650012016e-001      5.289660096169e-001   2.228409945965e-001  
 20     -4.338839948177e-001      9.009690284729e-001   0.000000000000e+000  
 21     -6.234899759293e-001      7.818310260773e-001   0.000000000000e+000  
 22     -5.292990207672e-001      8.186259865761e-001   2.229219973087e-001  
 23      0.000000000000e+000      4.338839948177e-001   9.009690284729e-001  
 24      0.000000000000e+000      6.234899759293e-001   7.818310260773e-001  
 25     -2.227800041437e-001      5.290639996529e-001   8.188199996948e-001  
 26      0.000000000000e+000      9.749280214310e-001   2.225210070610e-001  
 27      0.000000000000e+000      1.000000000000e+000   0.000000000000e+000  
 28     -2.413109987974e-001      9.399459958076e-001   2.413939982653e-001  
 29     -2.225210070610e-001      9.749280214310e-001   0.000000000000e+000  
 30     -2.225210070610e-001      0.000000000000e+000   9.749280214310e-001  
 31      0.000000000000e+000      0.000000000000e+000   1.000000000000e+000  
 32     -2.412559986115e-001      2.410479933023e-001   9.400489926338e-001  
 33      0.000000000000e+000      2.225210070610e-001   9.749280214310e-001  
 34     -1.000000000000e+000      0.000000000000e+000   0.000000000000e+000  
 35     -9.749280214310e-001      0.000000000000e+000   2.225210070610e-001  
 36     -9.400309920311e-001      2.411050051451e-001   2.412679940462e-001  
 37     -9.749280214310e-001      2.225210070610e-001   0.000000000000e+000  
 38     -7.119539976120e-001      4.365389943123e-001   5.500500202179e-001  
 39     -6.728330254555e-001      3.074670135975e-001   6.728749871254e-001  
 40     -5.469419956207e-001      4.355030059814e-001   7.149760127068e-001  
 41     -8.420400023460e-001      3.830629885197e-001   3.797810077667e-001  
 42     -3.798339962959e-001      8.419039845467e-001   3.833070099354e-001  
 43     -3.797250092030e-001      3.830940127373e-001   8.420519828796e-001  
 44     -1.387159973383e-001      7.001770138741e-001   7.003639936447e-001  
 45     -7.002400159836e-001      1.385869979858e-001   7.003269791603e-001  
 46     -7.003809809685e-001      7.001270055771e-001   1.388870030642e-001  
 47     -9.056029915810e-001      1.730509996414e-001   3.872160017490e-001  
 48     -9.056550264359e-001      3.870339989662e-001   1.731889992952e-001  
 49     -3.873380124569e-001      9.054780006409e-001   1.734209954739e-001  
 50     -1.733160018921e-001      9.055129885674e-001   3.873040080070e-001  
 51     -1.732780039310e-001      3.870689868927e-001   9.056230187416e-001  
 52     -3.872179985046e-001      1.731349974871e-001   9.055860042572e-001  
 53     -6.694819927216e-001     -6.694380044937e-001   3.219420015812e-001  
 54     -5.891739726067e-001     -5.859270095825e-001   5.563849806786e-001  
 55     -7.397230267525e-001     -5.357170104980e-001   4.072070121765e-001  
 56     -5.362229943275e-001     -7.395439743996e-001   4.068650007248e-001  
 57     -7.146250009537e-001     -4.320800006390e-001   5.501080155373e-001  
 58     -5.538319945335e-001     -4.114409983158e-001   7.238699793816e-001  
 59     -6.724550127983e-001     -3.026820123196e-001   6.754170060158e-001  
 60     -9.009690284729e-001     -4.338839948177e-001   0.000000000000e+000  
 61     -7.818310260773e-001     -6.234899759293e-001   0.000000000000e+000  
 62     -8.186749815941e-001     -5.292649865150e-001   2.228240072727e-001  
 63      0.000000000000e+000     -9.009690284729e-001   4.338839948177e-001  
 64      0.000000000000e+000     -7.818310260773e-001   6.234899759293e-001  
 65     -2.227060049772e-001     -8.188130259514e-001   5.291060209274e-001  
 66     -6.234899759293e-001     -7.818310260773e-001   0.000000000000e+000  
 67     -4.338839948177e-001     -9.009690284729e-001   0.000000000000e+000  
 68     -5.289959907532e-001     -8.188490271568e-001   2.228270024061e-001  
 69     -5.289070010185e-001     -2.229229956865e-001   8.188790082932e-001  
 70     -8.186320066452e-001     -2.228949964046e-001   5.293040275574e-001  
 71      0.000000000000e+000     -6.234899759293e-001   7.818310260773e-001  
 72      0.000000000000e+000     -4.338839948177e-001   9.009690284729e-001  
 73     -2.225459963083e-001     -5.292279720306e-001   8.187739849091e-001  
 74     -2.411170005798e-001     -2.411369979382e-001   9.400619864464e-001  
 75      0.000000000000e+000     -2.225210070610e-001   9.749280214310e-001  
 76     -9.749280214310e-001     -2.225210070610e-001   0.000000000000e+000  
 77     -9.399849772453e-001     -2.412489950657e-001   2.413019984961e-001  
 78     -2.225210070610e-001     -9.749280214310e-001   0.000000000000e+000  
 79      0.000000000000e+000     -1.000000000000e+000   0.000000000000e+000  
 80     -2.411250025034e-001     -9.400489926338e-001   2.411780059338e-001  
 81      0.000000000000e+000     -9.749280214310e-001   2.225210070610e-001  
 82     -3.074589967728e-001     -6.728990077972e-001   6.728119850159e-001  
 83     -4.365079998970e-001     -5.500730276108e-001   7.119550108910e-001  
 84     -4.355129897594e-001     -7.149609923363e-001   5.469549894333e-001  
 85     -3.830319941044e-001     -3.798139989376e-001   8.420379757881e-001  
 86     -8.419129848480e-001     -3.832960128784e-001   3.798280060291e-001  
 87     -3.830960094929e-001     -8.420360088348e-001   3.797580003738e-001  
 88     -1.385899931192e-001     -7.002959847450e-001   7.002699971199e-001  
 89     -7.001109719276e-001     -1.388449966908e-001   7.004039883614e-001  
 90     -7.001379728317e-001     -7.003740072250e-001   1.388680040836e-001  
 91     -9.054740071297e-001     -1.733960062265e-001   3.873629868031e-001  
 92     -9.055119752884e-001     -3.872889876366e-001   1.733639985323e-001  
 93     -1.731320023537e-001     -3.871870040894e-001   9.055979847908e-001  
 94     -3.870539963245e-001     -1.732580065727e-001   9.056310057640e-001  
 95     -3.870919942856e-001     -9.056090116501e-001   1.732970029116e-001  
 96     -1.731519997120e-001     -9.056090116501e-001   3.871580064297e-001  
 97      4.313730001450e-001      7.136830091476e-001   5.518820285797e-001  
 98      4.105269908905e-001      5.521209836006e-001   7.256929874420e-001  
 99      5.773980021477e-001      5.772659778595e-001   5.773869752884e-001  
 100      7.138270139694e-001      5.516949892044e-001   4.313740134239e-001  
 101      5.523080229759e-001      7.255269885063e-001   4.105679988861e-001  
 102      5.518000125885e-001      4.312520027161e-001   7.138199806213e-001  
 103      7.256169915199e-001      4.104019999504e-001   5.523130297661e-001  
 104      3.026570081711e-001      6.724770069122e-001   6.754059791565e-001  
 105      6.726899743080e-001      6.752009987831e-001   3.026410043240e-001  
 106      6.752690076828e-001      3.024969995022e-001   6.726859807968e-001  
 107      7.818310260773e-001      6.234899759293e-001   0.000000000000e+000  
 108      8.188040256500e-001      5.290219783783e-001   2.229409962893e-001  
 109      9.009690284729e-001      4.338839948177e-001   0.000000000000e+000  
 110      4.338839948177e-001      9.009690284729e-001   0.000000000000e+000  
 111      5.291829705238e-001      8.187260031700e-001   2.228299975395e-001  
 112      6.234899759293e-001      7.818310260773e-001   0.000000000000e+000  
 113      2.229139953852e-001      8.186290264130e-001   5.292969942093e-001  
 114      2.227919995785e-001      5.289649963379e-001   8.188800215721e-001  
 115      9.009690284729e-001      0.000000000000e+000   4.338839948177e-001  
 116      8.187779784203e-001      2.225860059261e-001   5.292090177536e-001  
 117      7.818310260773e-001      0.000000000000e+000   6.234899759293e-001  
 118      6.234899759293e-001      0.000000000000e+000   7.818310260773e-001  
 119      5.291380286217e-001      2.226579934359e-001   8.188019990921e-001  
 120      4.338839948177e-001      0.000000000000e+000   9.009690284729e-001  
 121      2.225210070610e-001      0.000000000000e+000   9.749280214310e-001  
 122      2.411829978228e-001      2.411140054464e-001   9.400500059128e-001  
 123      9.749280214310e-001      2.225210070610e-001   0.000000000000e+000  
 124      9.400309920311e-001      2.410530000925e-001   2.413190007210e-001  
 125      1.000000000000e+000      0.000000000000e+000   0.000000000000e+000  
 126      2.413219958544e-001      9.399710297585e-001   2.412849962711e-001  
 127      2.225210070610e-001      9.749280214310e-001   0.000000000000e+000  
 128      9.749280214310e-001      0.000000000000e+000   2.225210070610e-001  
 129      3.797490000725e-001      3.830919861794e-001   8.420410156250e-001  
 130      3.832769989967e-001      8.419250249863e-001   3.798179924488e-001  
 131      8.420169949532e-001      3.795979917049e-001   3.832969963551e-001  
 132      7.003149986267e-001      7.002050280571e-001   1.388240009546e-001  
 133      1.388739943504e-001      7.001119852066e-001   7.003980278969e-001  
 134      7.002490162849e-001      1.386920064688e-001   7.002969980240e-001  
 135      3.871720135212e-001      1.731159985065e-001   9.056100249290e-001  
 136      1.731809973717e-001      3.870480060577e-001   9.056500196457e-001  
 137      1.734009981155e-001      9.054830074310e-001   3.873380124569e-001  
 138      3.872739970684e-001      9.055240154266e-001   1.733250021935e-001  
 139      9.055619835854e-001      1.731249988079e-001   3.872799873352e-001  
 140      9.055960178375e-001      3.870719969273e-001   1.734129935503e-001  
 141     -6.696689724922e-001      6.693339943886e-001  -3.217689990997e-001  
 142     -5.893880128860e-001      5.858470201492e-001  -5.562409758568e-001  
 143     -7.399029731750e-001      5.356119871140e-001  -4.070169925690e-001  
 144     -5.364980101585e-001      7.393969893456e-001  -4.067710042000e-001  
 145     -7.148280143738e-001      4.319869875908e-001  -5.499169826508e-001  
 146     -5.540390014648e-001      4.113729894161e-001  -7.237499952316e-001  
 147     -6.726930141449e-001      3.025839924812e-001  -6.752240061760e-001  
 148      0.000000000000e+000      6.234899759293e-001  -7.818310260773e-001  
 149      0.000000000000e+000      4.338839948177e-001  -9.009690284729e-001  
 150     -2.229650020599e-001      5.291600227356e-001  -8.187040090561e-001  
 151     -7.818310260773e-001      0.000000000000e+000  -6.234899759293e-001  
 152     -9.009690284729e-001      0.000000000000e+000  -4.338839948177e-001  
 153     -8.188269734383e-001      2.227600067854e-001  -5.290600061417e-001  
 154     -8.188210129738e-001      5.291320085526e-001  -2.226019948721e-001  
 155     -4.338839948177e-001      0.000000000000e+000  -9.009690284729e-001  
 156     -6.234899759293e-001      0.000000000000e+000  -7.818310260773e-001  
 157     -5.291960239410e-001      2.228530049324e-001  -8.187109827995e-001  
 158      0.000000000000e+000      9.009690284729e-001  -4.338839948177e-001  
 159      0.000000000000e+000      7.818310260773e-001  -6.234899759293e-001  
 160     -2.229170054197e-001      8.187689781189e-001  -5.290849804878e-001  
 161     -5.291799902916e-001      8.187479972839e-001  -2.227630019188e-001  
 162      0.000000000000e+000      2.225210070610e-001  -9.749280214310e-001  
 163      0.000000000000e+000      0.000000000000e+000  -1.000000000000e+000  
 164     -2.413450032473e-001      2.412389963865e-001  -9.399769902229e-001  
 165     -2.225210070610e-001      0.000000000000e+000  -9.749280214310e-001  
 166      0.000000000000e+000      9.749280214310e-001  -2.225210070610e-001  
 167     -2.413280010223e-001      9.399999976158e-001  -2.411659955978e-001  
 168     -9.400609731674e-001      2.411579936743e-001  -2.410989999771e-001  
 169     -9.749280214310e-001      0.000000000000e+000  -2.225210070610e-001  
 170     -4.365220069885e-001      7.141469717026e-001  -5.472130179405e-001  
 171     -4.360060095787e-001      5.498859882355e-001  -7.124069929123e-001  
 172     -3.077259957790e-001      6.728339791298e-001  -6.727550029755e-001  
 173     -8.420680165291e-001      3.831779956818e-001  -3.796040117741e-001  
 174     -3.832849860191e-001      8.419880270958e-001  -3.796739876270e-001  
 175     -3.833450078964e-001      3.797880113125e-001  -8.419070243835e-001  
 176     -7.003139853477e-001      1.387339979410e-001  -7.002239823341e-001  
 177     -7.003009915352e-001      7.002559900284e-001  -1.386380046606e-001  
 178     -1.388929933310e-001      7.002949714661e-001  -7.002109885216e-001  
 179     -9.056169986725e-001      1.732289940119e-001  -3.871040046215e-001  
 180     -9.056289792061e-001      3.871459960938e-001  -1.730729937553e-001  
 181     -1.733449995518e-001      9.055759906769e-001  -3.871479928493e-001  
 182     -3.872709870338e-001      9.055609703064e-001  -1.731459945440e-001  
 183     -1.734959930182e-001      3.872480094433e-001  -9.055020213127e-001  
 184     -3.873060047626e-001      1.733269989491e-001  -9.055100083351e-001  
 185      6.694650053978e-001      3.218489885330e-001  -6.694999933243e-001  
 186      5.357519984245e-001      4.070949852467e-001  -7.397599816322e-001  
 187      5.859389901161e-001      5.563259720802e-001  -5.892170071602e-001  
 188      7.395650148392e-001      4.068070054054e-001  -5.362380146980e-001  
 189      4.321239888668e-001      5.499830245972e-001  -7.146940231323e-001  
 190      4.114339947701e-001      7.237700223923e-001  -5.539659857750e-001  
 191      3.026750087738e-001      6.752600073814e-001  -6.726160049438e-001  
 192      5.291829705238e-001      8.187379837036e-001  -2.227890044451e-001  
 193      4.338839948177e-001      0.000000000000e+000  -9.009690284729e-001  
 194      5.292999744415e-001      2.227119952440e-001  -8.186820149422e-001  
 195      6.234899759293e-001      0.000000000000e+000  -7.818310260773e-001  
 196      8.188359737396e-001      5.290849804878e-001  -2.226649969816e-001  
 197      2.229849994183e-001      5.291029810905e-001  -8.187360167503e-001  
 198      7.818310260773e-001      0.000000000000e+000  -6.234899759293e-001  
 199      8.188750147820e-001      2.227549999952e-001  -5.289890170097e-001  
 200      9.009690284729e-001      0.000000000000e+000  -4.338839948177e-001  
 201      2.228579968214e-001      8.187639713287e-001  -5.291150212288e-001  
 202      9.400879740715e-001      2.410970032215e-001  -2.410549968481e-001  
 203      2.413830012083e-001      2.411870062351e-001  -9.399809837341e-001  
 204      2.225210070610e-001      0.000000000000e+000  -9.749280214310e-001  
 205      2.413640022278e-001      9.400179982185e-001  -2.410580068827e-001  
 206      9.749280214310e-001      0.000000000000e+000  -2.225210070610e-001  
 207      5.500680208206e-001      7.119169831276e-001  -4.365780055523e-001  
 208      7.149770259857e-001      5.469200015068e-001  -4.355309903622e-001  
 209      6.729000210762e-001      6.727949976921e-001  -3.074949979782e-001  
 210      8.420649766922e-001      3.797059953213e-001  -3.830850124359e-001  
 211      3.833479881287e-001      3.796960115433e-001  -8.419470191002e-001  
 212      3.798089921474e-001      8.419880270958e-001  -3.831489980221e-001  
 213      7.003430128098e-001      7.002189755440e-001  -1.386110037565e-001  
 214      1.388159990311e-001      7.002810239792e-001  -7.002400159836e-001  
 215      7.004190087318e-001      1.387349963188e-001  -7.001190185547e-001  
 216      3.873600065708e-001      1.731940060854e-001  -9.055119752884e-001  
 217      1.733590066433e-001      3.871690034866e-001  -9.055629968643e-001  
 218      9.056299924850e-001      3.871159851551e-001  -1.731359958649e-001  
 219      1.733510047197e-001      9.055950045586e-001  -3.871000111103e-001  
 220      9.056439995766e-001      1.732050031424e-001  -3.870509862900e-001  
 221      3.873220086098e-001      9.055330157280e-001  -1.731799989939e-001  
 222     -5.517780184746e-001     -4.314680099487e-001  -7.137060165405e-001  
 223     -5.772699713707e-001     -5.774989724159e-001  -5.772830247879e-001  
 224     -7.256079912186e-001     -4.106470048428e-001  -5.521420240402e-001  
 225     -4.312100112438e-001     -7.139099836349e-001  -5.517160296440e-001  
 226     -4.104410111904e-001     -5.523729920387e-001  -7.255499958992e-001  
 227     -7.137150168419e-001     -5.519229769707e-001  -4.312689900398e-001  
 228     -5.521680116653e-001     -7.257230281830e-001  -4.104120135307e-001  
 229     -6.753240227699e-001     -3.027729988098e-001  -6.725069880486e-001  
 230     -3.024770021439e-001     -6.727370023727e-001  -6.752279996872e-001  
 231     -6.725739836693e-001     -6.753770112991e-001  -3.025059998035e-001  
 232     -8.188229799271e-001     -2.229460030794e-001  -5.289850234985e-001  
 233      0.000000000000e+000     -7.818310260773e-001  -6.234899759293e-001  
 234      0.000000000000e+000     -9.009690284729e-001  -4.338839948177e-001  
 235     -2.226829975843e-001     -8.188539743423e-001  -5.290470123291e-001  
 236      0.000000000000e+000     -4.338839948177e-001  -9.009690284729e-001  
 237      0.000000000000e+000     -6.234899759293e-001  -7.818310260773e-001  
 238     -2.227330058813e-001     -5.292159914970e-001  -8.187350034714e-001  
 239     -5.292170047760e-001     -2.230030000210e-001  -8.186579942703e-001  
 240     -8.187199831009e-001     -5.292760133743e-001  -2.226369976997e-001  
 241     -5.290520191193e-001     -8.188570141792e-001  -2.226620018482e-001  
 242     -9.399979710579e-001     -2.413070052862e-001  -2.411919981241e-001  
 243      0.000000000000e+000     -9.749280214310e-001  -2.225210070610e-001  
 244     -2.410800009966e-001     -9.400770068169e-001  -2.411119937897e-001  
 245     -2.411510050297e-001     -2.413839995861e-001  -9.399889707565e-001  
 246      0.000000000000e+000     -2.225210070610e-001  -9.749280214310e-001  
 247     -8.419629931450e-001     -3.798989951611e-001  -3.831140100956e-001  
 248     -3.830910027027e-001     -8.421000242233e-001  -3.796179890633e-001  
 249     -3.797029852867e-001     -3.833439946175e-001  -8.419489860535e-001  
 250     -7.003039717674e-001     -1.389909982681e-001  -7.001829743385e-001  
 251     -1.386069953442e-001     -7.003579735756e-001  -7.002040147781e-001  
 252     -7.001839876175e-001     -7.003669738770e-001  -1.386680006981e-001  
 253     -9.055510163307e-001     -3.872939944267e-001  -1.731510013342e-001  
 254     -3.872359991074e-001     -1.734669953585e-001  -9.055150151253e-001  
 255     -9.055870175362e-001     -1.733649969101e-001  -3.871139883995e-001  
 256     -1.731519997120e-001     -9.056320190430e-001  -3.870989978313e-001  
 257     -1.731390058994e-001     -3.873150050640e-001  -9.055439829826e-001  
 258     -3.870719969273e-001     -9.056519865990e-001  -1.731079965830e-001  
 259      3.217479884624e-001     -6.695550084114e-001   6.694579720497e-001  
 260      4.070079922676e-001     -7.398160099983e-001   5.357390046120e-001  
 261      5.562360286713e-001     -5.892869830132e-001   5.859540104866e-001  
 262      4.067330062389e-001     -5.363180041313e-001   7.395480275154e-001  
 263      5.499299764633e-001     -7.147439718246e-001   4.321089982986e-001  
 264      7.237480282784e-001     -5.539919734001e-001   4.114390015602e-001  
 265      6.752430200577e-001     -6.726189851761e-001   3.027049899101e-001  
 266      5.290279984474e-001     -2.228630036116e-001   8.188170194626e-001  
 267      2.226539999247e-001     -5.290619730949e-001   8.188520073891e-001  
 268      2.226250022650e-001     -8.187260031700e-001   5.292720198631e-001  
 269      8.187130093575e-001     -2.227949947119e-001   5.292230248451e-001  
 270      9.009690284729e-001     -4.338839948177e-001   0.000000000000e+000  
 271      8.187479972839e-001     -5.291150212288e-001   2.229170054197e-001  
 272      7.818310260773e-001     -6.234899759293e-001   0.000000000000e+000  
 273      6.234899759293e-001     -7.818310260773e-001   0.000000000000e+000  
 274      5.290979743004e-001     -8.187549710274e-001   2.229290008545e-001  
 275      4.338839948177e-001     -9.009690284729e-001   0.000000000000e+000  
 276      2.225210070610e-001     -9.749280214310e-001   0.000000000000e+000  
 277      2.411659955978e-001     -9.400280117989e-001   2.412189990282e-001  
 278      9.399729967117e-001     -2.412319928408e-001   2.413669973612e-001  
 279      9.749280214310e-001     -2.225210070610e-001   0.000000000000e+000  
 280      2.409819960594e-001     -2.412749975920e-001   9.400609731674e-001  
 281      7.118549942970e-001     -4.366700053215e-001   5.500739812851e-001  
 282      5.468450188637e-001     -4.356150031090e-001   7.149829864502e-001  
 283      6.727480292320e-001     -3.076080083847e-001   6.728950142860e-001  
 284      8.419510126114e-001     -3.831999897957e-001   3.798429965973e-001  
 285      3.796310126781e-001     -8.420000076294e-001   3.832980096340e-001  
 286      3.795999884605e-001     -3.832120001316e-001   8.420529961586e-001  
 287      7.002099752426e-001     -7.002999782562e-001   1.388709992170e-001  
 288      7.001879811287e-001     -1.387560069561e-001   7.003449797630e-001  
 289      1.386200040579e-001     -7.001950144768e-001   7.003650069237e-001  
 290      1.731279939413e-001     -9.055730104446e-001   3.872520029545e-001  
 291      3.871819972992e-001     -9.055629968643e-001   1.733350008726e-001  
 292      9.055349826813e-001     -1.731960028410e-001   3.873099982738e-001  
 293      9.055699706078e-001     -3.871839940548e-001   1.732980012894e-001  
 294      3.870320022106e-001     -1.733379960060e-001   9.056249856949e-001  
 295      1.730639934540e-001     -3.871909976006e-001   9.056100249290e-001  
 296      5.859490036964e-001     -5.563009977341e-001  -5.892310142517e-001  
 297      6.694610118866e-001     -3.218330144882e-001  -6.695119738579e-001  
 298      7.394999861717e-001     -4.068050086498e-001  -5.363309979439e-001  
 299      5.357429981232e-001     -4.071440100670e-001  -7.397379875183e-001  
 300      4.321030080318e-001     -5.500429868698e-001  -7.146599888802e-001  
 301      4.114429950714e-001     -7.238559722900e-001  -5.538480281830e-001  
 302      3.027029931545e-001     -6.753349900246e-001  -6.725270152092e-001  
 303      2.229350060225e-001     -8.188189864159e-001  -5.289959907532e-001  
 304      5.292599797249e-001     -2.228350043297e-001  -8.186780214310e-001  
 305      2.229380011559e-001     -5.292230248451e-001  -8.186720013618e-001  
 306      8.188220262527e-001     -5.290889739990e-001  -2.226990014315e-001  
 307      5.292320251465e-001     -8.187419772148e-001  -2.226610034704e-001  
 308      8.188779950142e-001     -2.226999998093e-001  -5.290020108223e-001  
 309      2.413900047541e-001     -2.412260025740e-001  -9.399690032005e-001  
 310      2.413849979639e-001     -9.399979710579e-001  -2.411179989576e-001  
 311      9.400659799576e-001     -2.411620020866e-001  -2.410739958286e-001  
 312      7.142320275307e-001     -5.472440123558e-001  -4.363450109959e-001  
 313      5.499569773674e-001     -7.124609947205e-001  -4.358280003071e-001  
 314      6.728910207748e-001     -6.727870106697e-001  -3.075329959393e-001  
 315      3.798759877682e-001     -8.419770002365e-001  -3.831070065498e-001  
 316      8.420699834824e-001     -3.796789944172e-001  -3.830949962139e-001  
 317      3.833349943161e-001     -3.797810077667e-001  -8.419169783592e-001  
 318      1.388889998198e-001     -7.003210186958e-001  -7.001860141754e-001  
 319      7.004020214081e-001     -1.386969983578e-001  -7.001429796219e-001  
 320      7.003239989281e-001     -7.002230286598e-001  -1.386869996786e-001  
 321      9.056130051613e-001     -3.871490061283e-001  -1.731400042772e-001  
 322      9.056529998779e-001     -1.731709986925e-001  -3.870410025120e-001  
 323      3.873229920864e-001     -9.055399894714e-001  -1.731420010328e-001  
 324      1.733839958906e-001     -9.056029915810e-001  -3.870689868927e-001  
 325      1.734859943390e-001     -3.872649967670e-001  -9.054989814758e-001  
 326      3.873659968376e-001     -1.733389943838e-001  -9.054840207100e-001  
#Elements:
 1     3    2     1  1   1.000000000000e+000 
 2     4    1     2  1   1.000000000000e+000 
 3     6    5     1  1   1.000000000000e+000 
 4     6    7     5  1   1.000000000000e+000 
 5     10    9     8  1   1.000000000000e+000 
 6     13    12     11  1   1.000000000000e+000 
 7     16    15     14  1   1.000000000000e+000 
 8     19    18     17  1   1.000000000000e+000 
 9     22    21     20  1   1.000000000000e+000 
 10     25    24     23  1   1.000000000000e+000 
 11     28    27     26  1   1.000000000000e+000 
 12     28    29     27  1   1.000000000000e+000 
 13     32    31     30  1   1.000000000000e+000 
 14     32    33     31  1   1.000000000000e+000 
 15     36    35     34  1   1.000000000000e+000 
 16     36    34     37  1   1.000000000000e+000 
 17     40    39     38  1   1.000000000000e+000 
 18     40    38     1  1   1.000000000000e+000 
 19     38    39     10  1   1.000000000000e+000 
 20     38    10     41  1   1.000000000000e+000 
 21     5    7     22  1   1.000000000000e+000 
 22     5    22     42  1   1.000000000000e+000 
 23     40    16     39  1   1.000000000000e+000 
 24     40    43     16  1   1.000000000000e+000 
 25     6    1     38  1   1.000000000000e+000 
 26     3    1     5  1   1.000000000000e+000 
 27     4    40     1  1   1.000000000000e+000 
 28     44    13     11  1   1.000000000000e+000 
 29     45    9     10  1   1.000000000000e+000 
 30     45    16     14  1   1.000000000000e+000 
 31     46    19     17  1   1.000000000000e+000 
 32     44    24     25  1   1.000000000000e+000 
 33     46    21     22  1   1.000000000000e+000 
 34     44    2     13  1   1.000000000000e+000 
 35     45    10     39  1   1.000000000000e+000 
 36     45    39     16  1   1.000000000000e+000 
 37     44    25     2  1   1.000000000000e+000 
 38     46    22     7  1   1.000000000000e+000 
 39     46    7     19  1   1.000000000000e+000 
 40     47    41     10  1   1.000000000000e+000 
 41     48    19     41  1   1.000000000000e+000 
 42     49    42     22  1   1.000000000000e+000 
 43     50    13     42  1   1.000000000000e+000 
 44     51    43     25  1   1.000000000000e+000 
 45     52    16     43  1   1.000000000000e+000 
 46     48    41     36  1   1.000000000000e+000 
 47     47    36     41  1   1.000000000000e+000 
 48     50    42     28  1   1.000000000000e+000 
 49     49    28     42  1   1.000000000000e+000 
 50     52    43     32  1   1.000000000000e+000 
 51     51    32     43  1   1.000000000000e+000 
 52     44    11     24  1   1.000000000000e+000 
 53     46    17     21  1   1.000000000000e+000 
 54     45    14     9  1   1.000000000000e+000 
 55     4    25     43  1   1.000000000000e+000 
 56     4    2     25  1   1.000000000000e+000 
 57     3    13     2  1   1.000000000000e+000 
 58     3    42     13  1   1.000000000000e+000 
 59     6    19     7  1   1.000000000000e+000 
 60     6    41     19  1   1.000000000000e+000 
 61     49    20     29  1   1.000000000000e+000 
 62     48    37     18  1   1.000000000000e+000 
 63     51    23     33  1   1.000000000000e+000 
 64     52    30     15  1   1.000000000000e+000 
 65     50    26     12  1   1.000000000000e+000 
 66     47    8     35  1   1.000000000000e+000 
 67     49    29     28  1   1.000000000000e+000 
 68     51    33     32  1   1.000000000000e+000 
 69     50    28     26  1   1.000000000000e+000 
 70     52    32     30  1   1.000000000000e+000 
 71     48    36     37  1   1.000000000000e+000 
 72     47    35     36  1   1.000000000000e+000 
 73     49    22     20  1   1.000000000000e+000 
 74     47    10     8  1   1.000000000000e+000 
 75     51    25     23  1   1.000000000000e+000 
 76     52    15     16  1   1.000000000000e+000 
 77     48    18     19  1   1.000000000000e+000 
 78     50    12     13  1   1.000000000000e+000 
 79     4    43     40  1   1.000000000000e+000 
 80     3    5     42  1   1.000000000000e+000 
 81     6    38     41  1   1.000000000000e+000 
 82     55    54     53  1   1.000000000000e+000 
 83     56    53     54  1   1.000000000000e+000 
 84     58    54     57  1   1.000000000000e+000 
 85     58    57     59  1   1.000000000000e+000 
 86     62    61     60  1   1.000000000000e+000 
 87     65    64     63  1   1.000000000000e+000 
 88     68    67     66  1   1.000000000000e+000 
 89     69    14     15  1   1.000000000000e+000 
 90     70    8     9  1   1.000000000000e+000 
 91     73    72     71  1   1.000000000000e+000 
 92     74    30     31  1   1.000000000000e+000 
 93     74    31     75  1   1.000000000000e+000 
 94     77    76     34  1   1.000000000000e+000 
 95     77    34     35  1   1.000000000000e+000 
 96     80    79     78  1   1.000000000000e+000 
 97     80    81     79  1   1.000000000000e+000 
 98     84    83     82  1   1.000000000000e+000 
 99     84    54     83  1   1.000000000000e+000 
 100     83    73     82  1   1.000000000000e+000 
 101     83    85     73  1   1.000000000000e+000 
 102     57    70     59  1   1.000000000000e+000 
 103     57    86     70  1   1.000000000000e+000 
 104     84    82     65  1   1.000000000000e+000 
 105     84    65     87  1   1.000000000000e+000 
 106     58    83     54  1   1.000000000000e+000 
 107     55    57     54  1   1.000000000000e+000 
 108     56    54     84  1   1.000000000000e+000 
 109     88    64     65  1   1.000000000000e+000 
 110     89    14     69  1   1.000000000000e+000 
 111     90    68     66  1   1.000000000000e+000 
 112     90    61     62  1   1.000000000000e+000 
 113     89    70     9  1   1.000000000000e+000 
 114     88    73     71  1   1.000000000000e+000 
 115     89    59     70  1   1.000000000000e+000 
 116     88    65     82  1   1.000000000000e+000 
 117     89    69     59  1   1.000000000000e+000 
 118     90    62     53  1   1.000000000000e+000 
 119     88    82     73  1   1.000000000000e+000 
 120     90    53     68  1   1.000000000000e+000 
 121     91    70     86  1   1.000000000000e+000 
 122     92    86     62  1   1.000000000000e+000 
 123     93    73     85  1   1.000000000000e+000 
 124     94    85     69  1   1.000000000000e+000 
 125     95    68     87  1   1.000000000000e+000 
 126     96    87     65  1   1.000000000000e+000 
 127     94    74     85  1   1.000000000000e+000 
 128     92    77     86  1   1.000000000000e+000 
 129     91    86     77  1   1.000000000000e+000 
 130     93    85     74  1   1.000000000000e+000 
 131     96    80     87  1   1.000000000000e+000 
 132     95    87     80  1   1.000000000000e+000 
 133     89    9     14  1   1.000000000000e+000 
 134     88    71     64  1   1.000000000000e+000 
 135     90    66     61  1   1.000000000000e+000 
 136     55    62     86  1   1.000000000000e+000 
 137     55    53     62  1   1.000000000000e+000 
 138     56    87     68  1   1.000000000000e+000 
 139     56    68     53  1   1.000000000000e+000 
 140     58    69     85  1   1.000000000000e+000 
 141     58    59     69  1   1.000000000000e+000 
 142     95    78     67  1   1.000000000000e+000 
 143     96    63     81  1   1.000000000000e+000 
 144     91    35     8  1   1.000000000000e+000 
 145     94    15     30  1   1.000000000000e+000 
 146     93    75     72  1   1.000000000000e+000 
 147     92    60     76  1   1.000000000000e+000 
 148     91    77     35  1   1.000000000000e+000 
 149     95    80     78  1   1.000000000000e+000 
 150     92    76     77  1   1.000000000000e+000 
 151     93    74     75  1   1.000000000000e+000 
 152     94    30     74  1   1.000000000000e+000 
 153     96    81     80  1   1.000000000000e+000 
 154     91    8     70  1   1.000000000000e+000 
 155     93    72     73  1   1.000000000000e+000 
 156     92    62     60  1   1.000000000000e+000 
 157     95    67     68  1   1.000000000000e+000 
 158     96    65     63  1   1.000000000000e+000 
 159     94    69     15  1   1.000000000000e+000 
 160     55    86     57  1   1.000000000000e+000 
 161     58    85     83  1   1.000000000000e+000 
 162     56    84     87  1   1.000000000000e+000 
 163     99    98     97  1   1.000000000000e+000 
 164     99    101     100  1   1.000000000000e+000 
 165     99    103     102  1   1.000000000000e+000 
 166     97    98     104  1   1.000000000000e+000 
 167     100    101     105  1   1.000000000000e+000 
 168     102    103     106  1   1.000000000000e+000 
 169     109    108     107  1   1.000000000000e+000 
 170     112    111     110  1   1.000000000000e+000 
 171     12    113     11  1   1.000000000000e+000 
 172     24    114     23  1   1.000000000000e+000 
 173     117    116     115  1   1.000000000000e+000 
 174     120    119     118  1   1.000000000000e+000 
 175     31    122     121  1   1.000000000000e+000 
 176     33    122     31  1   1.000000000000e+000 
 177     125    124     123  1   1.000000000000e+000 
 178     127    126     27  1   1.000000000000e+000 
 179     128    124     125  1   1.000000000000e+000 
 180     27    126     26  1   1.000000000000e+000 
 181     119    102     106  1   1.000000000000e+000 
 182     129    102     119  1   1.000000000000e+000 
 183     113    97     104  1   1.000000000000e+000 
 184     130    97     113  1   1.000000000000e+000 
 185     131    100     108  1   1.000000000000e+000 
 186     108    100     105  1   1.000000000000e+000 
 187     102    98     99  1   1.000000000000e+000 
 188     97    101     99  1   1.000000000000e+000 
 189     100    103     99  1   1.000000000000e+000 
 190     108    132     107  1   1.000000000000e+000 
 191     112    132     111  1   1.000000000000e+000 
 192     24    133     114  1   1.000000000000e+000 
 193     113    133     11  1   1.000000000000e+000 
 194     119    134     118  1   1.000000000000e+000 
 195     117    134     116  1   1.000000000000e+000 
 196     105    132     108  1   1.000000000000e+000 
 197     104    133     113  1   1.000000000000e+000 
 198     111    132     105  1   1.000000000000e+000 
 199     106    134     119  1   1.000000000000e+000 
 200     116    134     106  1   1.000000000000e+000 
 201     114    133     104  1   1.000000000000e+000 
 202     119    135     129  1   1.000000000000e+000 
 203     129    136     114  1   1.000000000000e+000 
 204     113    137     130  1   1.000000000000e+000 
 205     130    138     111  1   1.000000000000e+000 
 206     131    139     116  1   1.000000000000e+000 
 207     108    140     131  1   1.000000000000e+000 
 208     122    136     129  1   1.000000000000e+000 
 209     129    135     122  1   1.000000000000e+000 
 210     126    138     130  1   1.000000000000e+000 
 211     130    137     126  1   1.000000000000e+000 
 212     131    140     124  1   1.000000000000e+000 
 213     124    139     131  1   1.000000000000e+000 
 214     118    134     117  1   1.000000000000e+000 
 215     107    132     112  1   1.000000000000e+000 
 216     11    133     24  1   1.000000000000e+000 
 217     106    103     116  1   1.000000000000e+000 
 218     116    103     131  1   1.000000000000e+000 
 219     111    101     130  1   1.000000000000e+000 
 220     105    101     111  1   1.000000000000e+000 
 221     114    98     129  1   1.000000000000e+000 
 222     104    98     114  1   1.000000000000e+000 
 223     23    136     33  1   1.000000000000e+000 
 224     110    138     127  1   1.000000000000e+000 
 225     121    135     120  1   1.000000000000e+000 
 226     26    137     12  1   1.000000000000e+000 
 227     123    140     109  1   1.000000000000e+000 
 228     115    139     128  1   1.000000000000e+000 
 229     122    135     121  1   1.000000000000e+000 
 230     127    138     126  1   1.000000000000e+000 
 231     33    136     122  1   1.000000000000e+000 
 232     126    137     26  1   1.000000000000e+000 
 233     128    139     124  1   1.000000000000e+000 
 234     124    140     123  1   1.000000000000e+000 
 235     12    137     113  1   1.000000000000e+000 
 236     120    135     119  1   1.000000000000e+000 
 237     116    139     115  1   1.000000000000e+000 
 238     109    140     108  1   1.000000000000e+000 
 239     111    138     110  1   1.000000000000e+000 
 240     114    136     23  1   1.000000000000e+000 
 241     130    101     97  1   1.000000000000e+000 
 242     131    103     100  1   1.000000000000e+000 
 243     129    98     102  1   1.000000000000e+000 
 244     143    142     141  1   1.000000000000e+000 
 245     144    141     142  1   1.000000000000e+000 
 246     146    142     145  1   1.000000000000e+000 
 247     146    145     147  1   1.000000000000e+000 
 248     150    149     148  1   1.000000000000e+000 
 249     153    152     151  1   1.000000000000e+000 
 250     154    17     18  1   1.000000000000e+000 
 251     157    156     155  1   1.000000000000e+000 
 252     160    159     158  1   1.000000000000e+000 
 253     161    20     21  1   1.000000000000e+000 
 254     164    163     162  1   1.000000000000e+000 
 255     164    165     163  1   1.000000000000e+000 
 256     167    166     27  1   1.000000000000e+000 
 257     168    37     34  1   1.000000000000e+000 
 258     168    34     169  1   1.000000000000e+000 
 259     167    27     29  1   1.000000000000e+000 
 260     171    170     142  1   1.000000000000e+000 
 261     171    172     170  1   1.000000000000e+000 
 262     145    153     147  1   1.000000000000e+000 
 263     145    173     153  1   1.000000000000e+000 
 264     170    172     160  1   1.000000000000e+000 
 265     170    160     174  1   1.000000000000e+000 
 266     171    175     150  1   1.000000000000e+000 
 267     171    150     172  1   1.000000000000e+000 
 268     143    145     142  1   1.000000000000e+000 
 269     144    142     170  1   1.000000000000e+000 
 270     146    171     142  1   1.000000000000e+000 
 271     176    156     157  1   1.000000000000e+000 
 272     177    161     21  1   1.000000000000e+000 
 273     178    150     148  1   1.000000000000e+000 
 274     176    153     151  1   1.000000000000e+000 
 275     178    159     160  1   1.000000000000e+000 
 276     177    17     154  1   1.000000000000e+000 
 277     176    147     153  1   1.000000000000e+000 
 278     177    154     141  1   1.000000000000e+000 
 279     178    172     150  1   1.000000000000e+000 
 280     177    141     161  1   1.000000000000e+000 
 281     178    160     172  1   1.000000000000e+000 
 282     176    157     147  1   1.000000000000e+000 
 283     179    153     173  1   1.000000000000e+000 
 284     180    173     154  1   1.000000000000e+000 
 285     181    174     160  1   1.000000000000e+000 
 286     182    161     174  1   1.000000000000e+000 
 287     183    150     175  1   1.000000000000e+000 
 288     184    175     157  1   1.000000000000e+000 
 289     184    164     175  1   1.000000000000e+000 
 290     183    175     164  1   1.000000000000e+000 
 291     182    174     167  1   1.000000000000e+000 
 292     180    168     173  1   1.000000000000e+000 
 293     181    167     174  1   1.000000000000e+000 
 294     179    173     168  1   1.000000000000e+000 
 295     176    151     156  1   1.000000000000e+000 
 296     177    21     17  1   1.000000000000e+000 
 297     178    148     159  1   1.000000000000e+000 
 298     143    141     154  1   1.000000000000e+000 
 299     143    154     173  1   1.000000000000e+000 
 300     144    161     141  1   1.000000000000e+000 
 301     144    174     161  1   1.000000000000e+000 
 302     146    147     157  1   1.000000000000e+000 
 303     146    157     175  1   1.000000000000e+000 
 304     181    158     166  1   1.000000000000e+000 
 305     184    155     165  1   1.000000000000e+000 
 306     182    29     20  1   1.000000000000e+000 
 307     183    162     149  1   1.000000000000e+000 
 308     179    169     152  1   1.000000000000e+000 
 309     180    18     37  1   1.000000000000e+000 
 310     183    164     162  1   1.000000000000e+000 
 311     184    165     164  1   1.000000000000e+000 
 312     181    166     167  1   1.000000000000e+000 
 313     179    168     169  1   1.000000000000e+000 
 314     180    37     168  1   1.000000000000e+000 
 315     182    167     29  1   1.000000000000e+000 
 316     179    152     153  1   1.000000000000e+000 
 317     180    154     18  1   1.000000000000e+000 
 318     181    160     158  1   1.000000000000e+000 
 319     183    149     150  1   1.000000000000e+000 
 320     182    20     161  1   1.000000000000e+000 
 321     184    157     155  1   1.000000000000e+000 
 322     143    173     145  1   1.000000000000e+000 
 323     144    170     174  1   1.000000000000e+000 
 324     146    175     171  1   1.000000000000e+000 
 325     187    186     185  1   1.000000000000e+000 
 326     185    188     187  1   1.000000000000e+000 
 327     187    190     189  1   1.000000000000e+000 
 328     189    190     191  1   1.000000000000e+000 
 329     110    192     112  1   1.000000000000e+000 
 330     195    194     193  1   1.000000000000e+000 
 331     107    196     109  1   1.000000000000e+000 
 332     149    197     148  1   1.000000000000e+000 
 333     200    199     198  1   1.000000000000e+000 
 334     159    201     158  1   1.000000000000e+000 
 335     123    202     125  1   1.000000000000e+000 
 336     204    203     163  1   1.000000000000e+000 
 337     27    205     127  1   1.000000000000e+000 
 338     125    202     206  1   1.000000000000e+000 
 339     166    205     27  1   1.000000000000e+000 
 340     163    203     162  1   1.000000000000e+000 
 341     187    208     207  1   1.000000000000e+000 
 342     207    208     209  1   1.000000000000e+000 
 343     196    208     210  1   1.000000000000e+000 
 344     209    208     196  1   1.000000000000e+000 
 345     197    189     191  1   1.000000000000e+000 
 346     211    189     197  1   1.000000000000e+000 
 347     192    207     209  1   1.000000000000e+000 
 348     212    207     192  1   1.000000000000e+000 
 349     189    186     187  1   1.000000000000e+000 
 350     187    188     208  1   1.000000000000e+000 
 351     207    190     187  1   1.000000000000e+000 
 352     192    213     112  1   1.000000000000e+000 
 353     197    214     148  1   1.000000000000e+000 
 354     107    213     196  1   1.000000000000e+000 
 355     195    215     194  1   1.000000000000e+000 
 356     199    215     198  1   1.000000000000e+000 
 357     159    214     201  1   1.000000000000e+000 
 358     191    214     197  1   1.000000000000e+000 
 359     209    213     192  1   1.000000000000e+000 
 360     194    215     185  1   1.000000000000e+000 
 361     196    213     209  1   1.000000000000e+000 
 362     201    214     191  1   1.000000000000e+000 
 363     185    215     199  1   1.000000000000e+000 
 364     211    216     194  1   1.000000000000e+000 
 365     197    217     211  1   1.000000000000e+000 
 366     210    218     196  1   1.000000000000e+000 
 367     212    219     201  1   1.000000000000e+000 
 368     199    220     210  1   1.000000000000e+000 
 369     192    221     212  1   1.000000000000e+000 
 370     210    220     202  1   1.000000000000e+000 
 371     202    218     210  1   1.000000000000e+000 
 372     211    217     203  1   1.000000000000e+000 
 373     212    221     205  1   1.000000000000e+000 
 374     203    216     211  1   1.000000000000e+000 
 375     205    219     212  1   1.000000000000e+000 
 376     148    214     159  1   1.000000000000e+000 
 377     198    215     195  1   1.000000000000e+000 
 378     112    213     107  1   1.000000000000e+000 
 379     185    186     194  1   1.000000000000e+000 
 380     194    186     211  1   1.000000000000e+000 
 381     191    190     201  1   1.000000000000e+000 
 382     201    190     212  1   1.000000000000e+000 
 383     210    188     199  1   1.000000000000e+000 
 384     199    188     185  1   1.000000000000e+000 
 385     162    217     149  1   1.000000000000e+000 
 386     109    218     123  1   1.000000000000e+000 
 387     206    220     200  1   1.000000000000e+000 
 388     193    216     204  1   1.000000000000e+000 
 389     158    219     166  1   1.000000000000e+000 
 390     127    221     110  1   1.000000000000e+000 
 391     202    220     206  1   1.000000000000e+000 
 392     123    218     202  1   1.000000000000e+000 
 393     205    221     127  1   1.000000000000e+000 
 394     204    216     203  1   1.000000000000e+000 
 395     203    217     162  1   1.000000000000e+000 
 396     166    219     205  1   1.000000000000e+000 
 397     194    216     193  1   1.000000000000e+000 
 398     201    219     158  1   1.000000000000e+000 
 399     196    218     109  1   1.000000000000e+000 
 400     149    217     197  1   1.000000000000e+000 
 401     200    220     199  1   1.000000000000e+000 
 402     110    221     192  1   1.000000000000e+000 
 403     211    186     189  1   1.000000000000e+000 
 404     212    190     207  1   1.000000000000e+000 
 405     208    188     210  1   1.000000000000e+000 
 406     224    223     222  1   1.000000000000e+000 
 407     226    223     225  1   1.000000000000e+000 
 408     228    223     227  1   1.000000000000e+000 
 409     224    222     229  1   1.000000000000e+000 
 410     226    225     230  1   1.000000000000e+000 
 411     228    227     231  1   1.000000000000e+000 
 412     232    151     152  1   1.000000000000e+000 
 413     235    234     233  1   1.000000000000e+000 
 414     238    237     236  1   1.000000000000e+000 
 415     239    155     156  1   1.000000000000e+000 
 416     240    60     61  1   1.000000000000e+000 
 417     241    66     67  1   1.000000000000e+000 
 418     242    34     76  1   1.000000000000e+000 
 419     242    169     34  1   1.000000000000e+000 
 420     244    79     243  1   1.000000000000e+000 
 421     244    78     79  1   1.000000000000e+000 
 422     245    163     165  1   1.000000000000e+000 
 423     245    246     163  1   1.000000000000e+000 
 424     227    240     231  1   1.000000000000e+000 
 425     227    247     240  1   1.000000000000e+000 
 426     225    248     235  1   1.000000000000e+000 
 427     225    235     230  1   1.000000000000e+000 
 428     222    249     239  1   1.000000000000e+000 
 429     222    239     229  1   1.000000000000e+000 
 430     224    227     223  1   1.000000000000e+000 
 431     226    222     223  1   1.000000000000e+000 
 432     228    225     223  1   1.000000000000e+000 
 433     250    151     232  1   1.000000000000e+000 
 434     251    237     238  1   1.000000000000e+000 
 435     251    235     233  1   1.000000000000e+000 
 436     252    66     241  1   1.000000000000e+000 
 437     250    239     156  1   1.000000000000e+000 
 438     252    240     61  1   1.000000000000e+000 
 439     251    230     235  1   1.000000000000e+000 
 440     251    238     230  1   1.000000000000e+000 
 441     250    232     229  1   1.000000000000e+000 
 442     252    241     231  1   1.000000000000e+000 
 443     252    231     240  1   1.000000000000e+000 
 444     250    229     239  1   1.000000000000e+000 
 445     253    240     247  1   1.000000000000e+000 
 446     254    239     249  1   1.000000000000e+000 
 447     255    247     232  1   1.000000000000e+000 
 448     256    235     248  1   1.000000000000e+000 
 449     257    249     238  1   1.000000000000e+000 
 450     258    248     241  1   1.000000000000e+000 
 451     255    242     247  1   1.000000000000e+000 
 452     253    247     242  1   1.000000000000e+000 
 453     257    245     249  1   1.000000000000e+000 
 454     254    249     245  1   1.000000000000e+000 
 455     258    244     248  1   1.000000000000e+000 
 456     256    248     244  1   1.000000000000e+000 
 457     252    61     66  1   1.000000000000e+000 
 458     251    233     237  1   1.000000000000e+000 
 459     250    156     151  1   1.000000000000e+000 
 460     228    231     241  1   1.000000000000e+000 
 461     228    241     248  1   1.000000000000e+000 
 462     226    238     249  1   1.000000000000e+000 
 463     226    230     238  1   1.000000000000e+000 
 464     224    229     232  1   1.000000000000e+000 
 465     224    232     247  1   1.000000000000e+000 
 466     254    165     155  1   1.000000000000e+000 
 467     257    236     246  1   1.000000000000e+000 
 468     256    243     234  1   1.000000000000e+000 
 469     253    76     60  1   1.000000000000e+000 
 470     255    152     169  1   1.000000000000e+000 
 471     258    67     78  1   1.000000000000e+000 
 472     254    245     165  1   1.000000000000e+000 
 473     255    169     242  1   1.000000000000e+000 
 474     257    246     245  1   1.000000000000e+000 
 475     253    242     76  1   1.000000000000e+000 
 476     256    244     243  1   1.000000000000e+000 
 477     258    78     244  1   1.000000000000e+000 
 478     254    155     239  1   1.000000000000e+000 
 479     256    234     235  1   1.000000000000e+000 
 480     253    60     240  1   1.000000000000e+000 
 481     258    241     67  1   1.000000000000e+000 
 482     257    238     236  1   1.000000000000e+000 
 483     255    232     152  1   1.000000000000e+000 
 484     228    248     225  1   1.000000000000e+000 
 485     226    249     222  1   1.000000000000e+000 
 486     224    247     227  1   1.000000000000e+000 
 487     261    260     259  1   1.000000000000e+000 
 488     259    262     261  1   1.000000000000e+000 
 489     261    264     263  1   1.000000000000e+000 
 490     263    264     265  1   1.000000000000e+000 
 491     118    266     120  1   1.000000000000e+000 
 492     72    267     71  1   1.000000000000e+000 
 493     64    268     63  1   1.000000000000e+000 
 494     115    269     117  1   1.000000000000e+000 
 495     272    271     270  1   1.000000000000e+000 
 496     275    274     273  1   1.000000000000e+000 
 497     79    277     276  1   1.000000000000e+000 
 498     81    277     79  1   1.000000000000e+000 
 499     279    278     125  1   1.000000000000e+000 
 500     125    278     128  1   1.000000000000e+000 
 501     121    280     31  1   1.000000000000e+000 
 502     31    280     75  1   1.000000000000e+000 
 503     261    282     281  1   1.000000000000e+000 
 504     281    282     283  1   1.000000000000e+000 
 505     284    281     269  1   1.000000000000e+000 
 506     269    281     283  1   1.000000000000e+000 
 507     274    263     265  1   1.000000000000e+000 
 508     285    263     274  1   1.000000000000e+000 
 509     283    282     266  1   1.000000000000e+000 
 510     266    282     286  1   1.000000000000e+000 
 511     281    264     261  1   1.000000000000e+000 
 512     263    260     261  1   1.000000000000e+000 
 513     261    262     282  1   1.000000000000e+000 
 514     272    287     271  1   1.000000000000e+000 
 515     118    288     266  1   1.000000000000e+000 
 516     267    289     71  1   1.000000000000e+000 
 517     269    288     117  1   1.000000000000e+000 
 518     64    289     268  1   1.000000000000e+000 
 519     274    287     273  1   1.000000000000e+000 
 520     271    287     265  1   1.000000000000e+000 
 521     265    287     274  1   1.000000000000e+000 
 522     268    289     259  1   1.000000000000e+000 
 523     266    288     283  1   1.000000000000e+000 
 524     283    288     269  1   1.000000000000e+000 
 525     259    289     267  1   1.000000000000e+000 
 526     285    290     268  1   1.000000000000e+000 
 527     274    291     285  1   1.000000000000e+000 
 528     269    292     284  1   1.000000000000e+000 
 529     284    293     271  1   1.000000000000e+000 
 530     286    294     266  1   1.000000000000e+000 
 531     267    295     286  1   1.000000000000e+000 
 532     278    293     284  1   1.000000000000e+000 
 533     284    292     278  1   1.000000000000e+000 
 534     285    291     277  1   1.000000000000e+000 
 535     277    290     285  1   1.000000000000e+000 
 536     286    295     280  1   1.000000000000e+000 
 537     280    294     286  1   1.000000000000e+000 
 538     273    287     272  1   1.000000000000e+000 
 539     71    289     64  1   1.000000000000e+000 
 540     117    288     118  1   1.000000000000e+000 
 541     268    260     285  1   1.000000000000e+000 
 542     259    260     268  1   1.000000000000e+000 
 543     286    262     267  1   1.000000000000e+000 
 544     267    262     259  1   1.000000000000e+000 
 545     265    264     271  1   1.000000000000e+000 
 546     271    264     284  1   1.000000000000e+000 
 547     128    292     115  1   1.000000000000e+000 
 548     63    290     81  1   1.000000000000e+000 
 549     276    291     275  1   1.000000000000e+000 
 550     120    294     121  1   1.000000000000e+000 
 551     75    295     72  1   1.000000000000e+000 
 552     270    293     279  1   1.000000000000e+000 
 553     277    291     276  1   1.000000000000e+000 
 554     81    290     277  1   1.000000000000e+000 
 555     278    292     128  1   1.000000000000e+000 
 556     121    294     280  1   1.000000000000e+000 
 557     280    295     75  1   1.000000000000e+000 
 558     279    293     278  1   1.000000000000e+000 
 559     268    290     63  1   1.000000000000e+000 
 560     275    291     274  1   1.000000000000e+000 
 561     266    294     120  1   1.000000000000e+000 
 562     115    292     269  1   1.000000000000e+000 
 563     271    293     270  1   1.000000000000e+000 
 564     72    295     267  1   1.000000000000e+000 
 565     285    260     263  1   1.000000000000e+000 
 566     284    264     281  1   1.000000000000e+000 
 567     282    262     286  1   1.000000000000e+000 
 568     298    297     296  1   1.000000000000e+000 
 569     299    296     297  1   1.000000000000e+000 
 570     301    296     300  1   1.000000000000e+000 
 571     301    300     302  1   1.000000000000e+000 
 572     303    233     234  1   1.000000000000e+000 
 573     304    195     193  1   1.000000000000e+000 
 574     305    236     237  1   1.000000000000e+000 
 575     306    272     270  1   1.000000000000e+000 
 576     307    275     273  1   1.000000000000e+000 
 577     308    200     198  1   1.000000000000e+000 
 578     309    163     246  1   1.000000000000e+000 
 579     309    204     163  1   1.000000000000e+000 
 580     310    243     79  1   1.000000000000e+000 
 581     311    279     125  1   1.000000000000e+000 
 582     310    79     276  1   1.000000000000e+000 
 583     311    125     206  1   1.000000000000e+000 
 584     313    312     296  1   1.000000000000e+000 
 585     313    314     312  1   1.000000000000e+000 
 586     313    307     314  1   1.000000000000e+000 
 587     313    315     307  1   1.000000000000e+000 
 588     312    306     316  1   1.000000000000e+000 
 589     312    314     306  1   1.000000000000e+000 
 590     300    317     305  1   1.000000000000e+000 
 591     300    305     302  1   1.000000000000e+000 
 592     301    313     296  1   1.000000000000e+000 
 593     298    296     312  1   1.000000000000e+000 
 594     299    300     296  1   1.000000000000e+000 
 595     318    233     303  1   1.000000000000e+000 
 596     319    195     304  1   1.000000000000e+000 
 597     320    272     306  1   1.000000000000e+000 
 598     319    308     198  1   1.000000000000e+000 
 599     318    305     237  1   1.000000000000e+000 
 600     320    307     273  1   1.000000000000e+000 
 601     319    304     297  1   1.000000000000e+000 
 602     318    303     302  1   1.000000000000e+000 
 603     320    306     314  1   1.000000000000e+000 
 604     318    302     305  1   1.000000000000e+000 
 605     319    297     308  1   1.000000000000e+000 
 606     320    314     307  1   1.000000000000e+000 
 607     321    316     306  1   1.000000000000e+000 
 608     322    308     316  1   1.000000000000e+000 
 609     323    307     315  1   1.000000000000e+000 
 610     324    315     303  1   1.000000000000e+000 
 611     325    305     317  1   1.000000000000e+000 
 612     326    317     304  1   1.000000000000e+000 
 613     324    310     315  1   1.000000000000e+000 
 614     323    315     310  1   1.000000000000e+000 
 615     322    316     311  1   1.000000000000e+000 
 616     321    311     316  1   1.000000000000e+000 
 617     326    309     317  1   1.000000000000e+000 
 618     325    317     309  1   1.000000000000e+000 
 619     319    198     195  1   1.000000000000e+000 
 620     320    273     272  1   1.000000000000e+000 
 621     318    237     233  1   1.000000000000e+000 
 622     299    297     304  1   1.000000000000e+000 
 623     299    304     317  1   1.000000000000e+000 
 624     298    308     297  1   1.000000000000e+000 
 625     298    316     308  1   1.000000000000e+000 
 626     301    303     315  1   1.000000000000e+000 
 627     301    302     303  1   1.000000000000e+000 
 628     325    246     236  1   1.000000000000e+000 
 629     326    193     204  1   1.000000000000e+000 
 630     323    276     275  1   1.000000000000e+000 
 631     321    270     279  1   1.000000000000e+000 
 632     322    206     200  1   1.000000000000e+000 
 633     324    234     243  1   1.000000000000e+000 
 634     325    309     246  1   1.000000000000e+000 
 635     326    204     309  1   1.000000000000e+000 
 636     323    310     276  1   1.000000000000e+000 
 637     321    279     311  1   1.000000000000e+000 
 638     322    311     206  1   1.000000000000e+000 
 639     324    243     310  1   1.000000000000e+000 
 640     325    236     305  1   1.000000000000e+000 
 641     321    306     270  1   1.000000000000e+000 
 642     322    200     308  1   1.000000000000e+000 
 643     326    304     193  1   1.000000000000e+000 
 644     323    275     307  1   1.000000000000e+000 
 645     324    303     234  1   1.000000000000e+000 
 646     299    317     300  1   1.000000000000e+000 
 647     298    312     316  1   1.000000000000e+000 
 648     301    315     313  1   1.000000000000e+000 
